fold,arm,gamma,alpha,solver_obj,solver_bound,solver_gap,solve_time,feasible_model,c_fit_q90,V_tr,V_te,cap_broken,wl_broken_asrun,max_workload_te,Tn,viol_norm,max_ratio_norm,imbalance,X,robust_lhs_max,robust_ok,PoR_pct,G_pct,beta,T_s_train
0,gamma0,0.0,1.0,5450.0,,,2.208127737045288,True,3.2882729037679765,5450,2392,0,0,1348.0,1326,2,1.0165912518853695,1.1184865582475938,0.003816793893129771,3093.0,True,0.0,0.0,,
0,gamma1,1.0,1.0,5424.0,,,3.8985958099365234,True,3.2882729037679765,5424,2350,0,0,1235.0,1326,0,0.9313725490196079,1.024726186525058,0.0,3049.017439868365,True,-0.47706422018348627,1.7558528428093645,,
0,gamma2,2.0,1.0,5421.0,,,4.714327812194824,True,3.2882729037679765,5421,2360,0,0,1327.0,1326,1,1.0007541478129713,1.1010620643876536,0.00016594756057085962,3107.6576433031214,True,-0.5321100917431193,1.3377926421404682,,
0,gamma4,4.0,1.0,5555.0,,,4.448862314224243,True,3.2882729037679765,5555,2401,0,0,1241.0,1326,0,0.9358974358974359,1.0297046133421839,0.0,3100.5641676655255,True,1.926605504587156,-0.3762541806020067,,
0,tight1.02,,,5548.0,,,4.418436050415039,True,3.2882729037679765,5548,2399,0,0,1303.0,1326,0,0.9826546003016591,1.0811483571191502,0.0,,,1.798165137614679,-0.29264214046822745,1.02,2888.0
